pearsonr: 0.9751255265937364
rsquared: 0.9613604427369173
mean_rmsd: 6.828608148354144
median_rmsd: 4.097096034317962
median_centroid_distance: 1.6583743607702335
centroid_distance_less_than_2: 55.78512396694215
mean_centroid_distance: 4.57323219066809
kabsch_rmsd: 2.4088721324589626
rmsd_less_than_2: 8.264462809917354
rmsd_less_than_5: 59.50413223140496
BindingLoss: 121.5919065711912
mean_pred: 15.151950234408714
std_pred: 33.76382300479353
mean_targets: 14.845027562507914
std_targets: 33.872152998427715
ligs_coords_loss: 30.298105239868164
recs_coords_loss: 0.0
ot_loss: 88.63478088378906
intersection_loss: 0.24062612652778625
keypts_loss: 0.0
centroid_loss:: 22.665842056274414
kabsch_rmsd_loss: 2.4183874130249023
intersection_loss_revised: 0.0
geom_reg_loss: 0.0
