# name: debug
# type: sparse matrix
# nnz: 1764
# rows: 42
# columns: 42

1 1 2.0012068e+09
2 1 -3425429.42
3 1 283798.002
4 1 900316.169
5 1 4809665.66
6 1 -32355292.2
7 1 -4958.83
8 1 4461.44432
9 1 -132.3159
10 1 -1897204.59
11 1 -7386674.4
12 1 7785060.68
13 1 -2094.7967
14 1 2885.29489
15 1 -88.3024934
16 1 832.917303
17 1 1209.89424
18 1 22729.973
19 1 -1577.3475
20 1 2298.71896
21 1 -120.941966
22 1 809.506465
23 1 1596.33308
24 1 20712.1911
25 1 -1324.93672
26 1 1774.35322
27 1 -46.6686634
28 1 1138.14046
29 1 1349.71466
30 1 18083.5571
31 1 -751.157846
32 1 970.472231
33 1 33.3959185
34 1 701.139644
35 1 219.32241
36 1 11405.1946
37 1 -347.359973
38 1 404.526658
39 1 47.0274902
40 1 877.561048
41 1 170.262386
42 1 5339.20912
1 2 -3425429.42
2 2 2.00360835e+09
3 2 167144.811
4 2 -9893150.98
5 2 3712.80114
6 2 39415781.6
7 2 4182.50206
8 2 -7704.66485
9 2 1654.70291
10 2 13914021.6
11 2 -13114.9822
12 2 -3794245.93
13 2 2682.93915
14 2 -4139.38601
15 2 -306.180134
16 2 -2916.28203
17 2 797.60955
18 2 -31649.8766
19 2 2004.11806
20 2 -3340.68303
21 2 -177.11468
22 2 -2673.52978
23 2 249.447197
24 2 -29216.0188
25 2 1604.42302
26 2 -2470.78612
27 2 -169.096268
28 2 -2599.29834
29 2 53.2848195
30 2 -24316.6249
31 2 882.674899
32 2 -1240.33871
33 2 -106.996904
34 2 -1240.48051
35 2 306.948202
36 2 -14210.6486
37 2 382.355522
38 2 -496.644053
39 2 -81.8184521
40 2 -1255.66502
41 2 59.8376184
42 2 -6302.57312
1 3 283798.002
2 3 167144.811
3 3 2.00351012e+09
4 3 28974520.2
5 3 -26162275.7
6 3 -904028.97
7 3 48.1594673
8 3 1576.73209
9 3 -5673.9182
10 3 -12606149.8
11 3 2349047.2
12 3 1124114.18
13 3 -161.263187
14 3 -121.643018
15 3 -2852.96959
16 3 -9876.40968
17 3 15569.6199
18 3 -277.50347
19 3 -89.4913692
20 3 -182.460036
21 3 -2361.69937
22 3 -8952.78781
23 3 15418.1752
24 3 -1011.40168
25 3 -16.0183797
26 3 -192.47784
27 3 -1698.30583
28 3 -7323.1113
29 3 11869.6672
30 3 -1351.41301
31 3 -8.85469923
32 3 -37.7953849
33 3 -808.101615
34 3 -4405.1081
35 3 6145.94245
36 3 -211.215936
37 3 -24.3738102
38 3 -29.3982069
39 3 -310.140852
40 3 -2081.62618
41 3 2462.94493
42 3 -28.5487567
1 4 900316.169
2 4 -9893150.98
3 4 28974520.2
4 4 3.08755832e+09
5 4 -166290349
6 4 -214251218
7 4 -13127.0459
8 4 149539.322
9 4 -159127.195
10 4 -1.03587358e+09
11 4 89048135.4
12 4 193100490
13 4 658.997452
14 4 -2472.6533
15 4 -9526.81999
16 4 -37031.538
17 4 49443.7129
18 4 -16702.0103
19 4 663.886874
20 4 -2324.33497
21 4 -7758.72465
22 4 -33756.047
23 4 47895.0441
24 4 -18588.9344
25 4 829.541497
26 4 -2006.67395
27 4 -5701.58893
28 4 -28404.1004
29 4 37130.5185
30 4 -18075.6355
31 4 294.21239
32 4 -590.194485
33 4 -2914.66397
34 4 -17654.7361
35 4 20753.0733
36 4 -5942.51773
37 4 64.5445316
38 4 -327.669161
39 4 -1205.42544
40 4 -9472.83268
41 4 8447.86819
42 4 -2642.20503
1 5 4809665.66
2 5 3712.80114
3 5 -26162275.7
4 5 -166290349
5 5 2.4508435e+09
6 5 -279107056
7 5 -84665.8189
8 5 -490.886708
9 5 42132.2917
10 5 82221315.4
11 5 -325423607
12 5 296630555
13 5 1707.04589
14 5 -570.506567
15 5 13831.9092
16 5 44897.4805
17 5 -78092.2091
18 5 -8303.16166
19 5 1232.64248
20 5 -142.192135
21 5 11420.4379
22 5 40053.88
23 5 -77435.7502
24 5 -4932.14267
25 5 847.707913
26 5 -16.6514336
27 5 8046.80069
28 5 31765.9301
29 5 -58892.5736
30 5 -3456.08263
31 5 337.747676
32 5 -174.235065
33 5 3597.86706
34 5 18218.6058
35 5 -28646.378
36 5 -3264.36185
37 5 257.488855
38 5 -33.1719571
39 5 1325.92945
40 5 7865.14759
41 5 -11553.957
42 5 -2006.87377
1 6 -32355292.2
2 6 39415781.6
3 6 -904028.97
4 6 -214251218
5 6 -279107056
6 6 2.59562277e+09
7 6 113112.558
8 6 -87216.9562
9 6 22459.1968
10 6 246902568
11 6 280380557
12 6 -341944472
13 6 19607.2528
14 6 -29366.7525
15 6 -1333.81402
16 6 -18168.0426
17 6 296.286626
18 6 -226621.15
19 6 14632.8716
20 6 -23509.3948
21 6 -563.682075
22 6 -16747.2554
23 6 -3665.8346
24 6 -207666.908
25 6 11954.8528
26 6 -17637.3407
27 6 -698.204215
28 6 -16790.718
29 6 -4082.48747
30 6 -175661.191
31 6 6606.52838
32 6 -9001.64055
33 6 -610.979435
34 6 -8311.50095
35 6 537.157985
36 6 -104148.791
37 6 2950.60596
38 6 -3671.73086
39 6 -540.497257
40 6 -8959.18663
41 6 -447.307936
42 6 -47320.0683
1 7 -4958.83
2 7 4182.50206
3 7 48.1594673
4 7 -13127.0459
5 7 -84665.8189
6 7 113112.558
7 7 2.00235942e+09
8 7 -4712740.68
9 7 471125.354
10 7 -936260.842
11 7 -3093054.92
12 7 -36420094.1
13 7 -3663.06953
14 7 4748.44466
15 7 -204.026665
16 7 1699.67232
17 7 2798.26788
18 7 38194.6327
19 7 -3539.07861
20 7 4672.65723
21 7 -271.830401
22 7 3187.51598
23 7 4687.71791
24 7 42970.4047
25 7 -2584.63645
26 7 3405.15915
27 7 -210.83559
28 7 2744.89897
29 7 4032.35531
30 7 34550.9977
31 7 -1919.96471
32 7 2287.55387
33 7 111.000752
34 7 2678.81729
35 7 1072.27537
36 7 27254.1623
37 7 -1745.88757
38 7 1873.37584
39 7 223.679831
40 7 4471.72201
41 7 1025.53652
42 7 24976.9534
1 8 4461.44432
2 8 -7704.66485
3 8 1576.73209
4 8 149539.322
5 8 -490.886708
6 8 -87216.9562
7 8 -4712740.68
8 8 2.00545974e+09
9 8 145084.051
10 8 4330181.14
11 8 -1098.27844
12 8 50003847
13 8 4708.30583
14 8 -7000.80857
15 8 -548.725828
16 8 -6173.25554
17 8 845.849586
18 8 -54218.1547
19 8 4401.92896
20 8 -6841.84788
21 8 -556.185873
22 8 -9228.8106
23 8 -107.300204
24 8 -60204.022
25 8 3238.15881
26 8 -5096.03168
27 8 -374.105448
28 8 -7795.73364
29 8 -315.876409
30 8 -49574.4652
31 8 2230.66343
32 8 -2977.47704
33 8 -346.787629
34 8 -4917.67648
35 8 403.98661
36 8 -34086.6585
37 8 1903.81202
38 8 -2333.70677
39 8 -397.180589
40 8 -6800.12898
41 8 94.1237951
42 8 -29379.9928
1 9 -132.3159
2 9 1654.70291
3 9 -5673.9182
4 9 -159127.195
5 9 42132.2917
6 9 22459.1968
7 9 471125.354
8 9 145084.051
9 9 2.00558421e+09
10 9 24884899.4
11 9 -33575460.6
12 9 932757.536
13 9 -359.260711
14 9 -276.598432
15 9 -4756.29609
16 9 -17336.6902
17 9 25788.1352
18 9 -486.914314
19 9 -311.774756
20 9 -583.665988
21 9 -4676.6098
22 9 -20112.4935
23 9 29410.8327
24 9 -2748.51779
25 9 -259.735436
26 9 -424.639402
27 9 -3520.61065
28 9 -16503.413
29 9 24896.2328
30 9 -2276.75489
31 9 -77.2441315
32 9 -166.41135
33 9 -1898.59557
34 9 -11675.4139
35 9 13827.2837
36 9 -594.955505
37 9 -185.968592
38 9 -121.777578
39 9 -1429.63484
40 9 -10124.0229
41 9 10667.3992
42 9 247.792465
1 10 -1897204.59
2 10 13914021.6
3 10 -12606149.8
4 10 -1.03587358e+09
5 10 82221315.4
6 10 246902568
7 10 -936260.842
8 10 4330181.14
9 10 24884899.4
10 10 3.89370346e+09
11 10 5.50849609e+09
12 10 -5.96868626e+09
13 10 1222.6737
14 10 -5180.5014
15 10 -16752.1548
16 10 -71504.0789
17 10 83969.0693
18 10 -34037.7709
19 10 1915.23513
20 10 -7212.09156
21 10 -17074.8979
22 10 -90396.0899
23 10 96234.2225
24 10 -55116.9567
25 10 1241.79382
26 10 -5221.50996
27 10 -12666.5352
28 10 -74090.6446
29 10 79856.3067
30 10 -44995.7335
31 10 721.93046
32 10 -2132.54969
33 10 -7641.52961
34 10 -55531.9338
35 10 48875.7363
36 10 -18607.1981
37 10 60.9304256
38 10 -1684.8733
39 10 -5906.47539
40 10 -51060.4797
41 10 38136.7289
42 10 -11690.8756
1 11 -7386674.4
2 11 -13114.9822
3 11 2349047.2
4 11 89048135.4
5 11 -325423607
6 11 280380557
7 11 -3093054.92
8 11 -1098.27844
9 11 -33575460.6
10 11 5.50849609e+09
11 11 3.37715768e+09
12 11 -400672902
13 11 3651.72709
14 11 -795.910938
15 11 24451.0939
16 11 82135.2022
17 11 -139248.611
18 11 -16152.6884
19 11 3913.19507
20 11 16.5173949
21 11 23309.3251
22 11 89000.6945
23 11 -157708.808
24 11 -15228.1772
25 11 3023.02283
26 11 182.414764
27 11 17797.6857
28 11 73907.2772
29 11 -136496.059
30 11 -11304.5756
31 11 1316.51382
32 11 -275.125936
33 11 8724.27917
34 11 47439.9572
35 11 -69704.4117
36 11 -10080.9408
37 11 1524.83164
38 11 -89.1016555
39 11 6177.62915
40 11 38824.8398
41 11 -53635.3011
42 11 -11224.3494
1 12 7785060.68
2 12 -3794245.93
3 12 1124114.18
4 12 193100490
5 12 296630555
6 12 -341944472
7 12 -36420094.1
8 12 50003847
9 12 932757.536
10 12 -5.96868626e+09
11 12 -400672902
12 12 1.7808149e+09
13 12 36177.8861
14 12 -51830.4955
15 12 -2390.43056
16 12 -39713.1291
17 12 -4244.50664
