# name: debug
# type: sparse matrix
# nnz: 1764
# rows: 42
# columns: 42

1 1 2.0012068e+09
2 1 -3425429.42
3 1 283798.002
4 1 900316.169
5 1 4809665.66
6 1 -32355292.2
7 1 -4958.83
8 1 4461.44432
9 1 -132.3159
10 1 -1897204.59
11 1 -7386674.4
12 1 7785060.68
13 1 -2094.7967
14 1 2885.29489
15 1 -88.3024934
16 1 832.917303
17 1 1209.89424
18 1 22729.973
19 1 -1577.3475
20 1 2298.71896
21 1 -120.941966
22 1 809.506465
23 1 1596.33308
24 1 20712.1911
25 1 -1324.93672
26 1 1774.35322
27 1 -46.6686634
28 1 1138.14046
29 1 1349.71466
30 1 18083.5571
31 1 -751.157846
32 1 970.472231
33 1 33.3959185
34 1 701.139644
35 1 219.32241
36 1 11405.1946
37 1 -347.359973
38 1 404.526658
39 1 47.0274902
40 1 877.561048
41 1 170.262386
42 1 5339.20912
1 2 -3425429.42
2 2 2.00360835e+09
3 2 167144.811
4 2 -9893150.98
5 2 3712.80114
6 2 39415781.6
7 2 4182.50206
8 2 -7704.66485
9 2 1654.70291
10 2 13914021.6
11 2 -13114.9822
12 2 -3794245.93
13 2 2682.93915
14 2 -4139.38601
15 2 -306.180134
16 2 -2916.28203
17 2 797.60955
18 2 -31649.8766
19 2 2004.11806
20 2 -3340.68303
21 2 -177.11468
22 2 -2673.52978
23 2 249.447197
24 2 -29216.0188
25 2 1604.42302
26 2 -2470.78612
27 2 -169.096268
28 2 -2599.29834
29 2 53.2848195
30 2 -24316.6249
31 2 882.674899
32 2 -1240.33871
33 2 -106.996904
34 2 -1240.48051
35 2 306.948202
36 2 -14210.6486
37 2 382.355522
38 2 -496.644053
39 2 -81.8184521
40 2 -1255.66502
41 2 59.8376184
42 2 -6302.57312
1 3 283798.002
2 3 167144.811
3 3 2.00351012e+09
4 3 28974520.2
5 3 -26162275.7
6 3 -904028.97
7 3 48.1594673
8 3 1576.73209
9 3 -5673.9182
10 3 -12606149.8
11 3 2349047.2
12 3 1124114.18
13 3 -161.263187
14 3 -121.643018
15 3 -2852.96959
16 3 -9876.40968
17 3 15569.6199
18 3 -277.50347
19 3 -89.4913692
20 3 -182.460036
21 3 -2361.69937
22 3 -8952.78781
23 3 15418.1752
24 3 -1011.40168
25 3 -16.0183797
26 3 -192.47784
27 3 -1698.30583
28 3 -7323.1113
29 3 11869.6672
30 3 -1351.41301
31 3 -8.85469923
32 3 -37.7953849
33 3 -808.101615
34 3 -4405.1081
35 3 6145.94245
36 3 -211.215936
37 3 -24.3738102
38 3 -29.3982069
39 3 -310.140852
40 3 -2081.62618
41 3 2462.94493
42 3 -28.5487567
1 4 900316.169
2 4 -9893150.98
3 4 28974520.2
4 4 3.08755832e+09
5 4 -166290349
6 4 -214251218
7 4 -13127.0459
8 4 149539.322
9 4 -159127.195
10 4 -1.03587358e+09
11 4 89048135.4
12 4 193100490
13 4 658.997452
14 4 -2472.6533
15 4 -9526.81999
16 4 -37031.538
17 4 49443.7129
18 4 -16702.0103
19 4 663.886874
20 4 -2324.33497
21 4 -7758.72465
22 4 -33756.047
23 4 47895.0441
24 4 -18588.9344
25 4 829.541497
26 4 -2006.67395
27 4 -5701.58893
28 4 -28404.1004
29 4 37130.5185
30 4 -18075.6355
31 4 294.21239
32 4 -590.194485
33 4 -2914.66397
34 4 -17654.7361
35 4 20753.0733
36 4 -5942.51773
37 4 64.5445316
38 4 -327.669161
39 4 -1205.42544
40 4 -9472.83268
41 4 8447.86819
42 4 -2642.20503
1 5 4809665.66
2 5 3712.80114
3 5 -26162275.7
4 5 -166290349
5 5 2.4508435e+09
6 5 -279107056
7 5 -84665.8189
8 5 -490.886708
9 5 42132.2917
10 5 82221315.4
11 5 -325423607
12 5 296630555
13 5 1707.04589
14 5 -570.506567
15 5 13831.9092
16 5 44897.4805
17 5 -78092.2091
18 5 -8303.16166
19 5 1232.64248
20 5 -142.192135
21 5 11420.4379
22 5 40053.88
23 5 -77435.7502
24 5 -4932.14267
25 5 847.707913
26 5 -16.6514336
27 5 8046.80069
28 5 31765.9301
29 5 -58892.5736
30 5 -3456.08263
31 5 337.747676
32 5 -174.235065
33 5 3597.86706
34 5 18218.6058
35 5 -28646.378
36 5 -3264.36185
37 5 257.488855
38 5 -33.1719571
39 5 1325.92945
40 5 7865.14759
41 5 -11553.957
42 5 -2006.87377
1 6 -32355292.2
2 6 39415781.6
3 6 -904028.97
4 6 -214251218
5 6 -279107056
6 6 2.59562277e+09
7 6 113112.558
8 6 -87216.9562
9 6 22459.1968
10 6 246902568
11 6 280380557
12 6 -341944472
13 6 19607.2528
14 6 -29366.7525
15 6 -1333.81402
16 6 -18168.0426
17 6 296.286626
18 6 -226621.15
19 6 14632.8716
20 6 -23509.3948
21 6 -563.682075
22 6 -16747.2554
23 6 -3665.8346
24 6 -207666.908
25 6 11954.8528
26 6 -17637.3407
27 6 -698.204215
28 6 -16790.718
29 6 -4082.48747
30 6 -175661.191
31 6 6606.52838
32 6 -9001.64055
33 6 -610.979435
34 6 -8311.50095
35 6 537.157985
36 6 -104148.791
37 6 2950.60596
38 6 -3671.73086
39 6 -540.497257
40 6 -8959.18663
41 6 -447.307936
42 6 -47320.0683
1 7 -4958.83
2 7 4182.50206
3 7 48.1594673
4 7 -13127.0459
5 7 -84665.8189
6 7 113112.558
7 7 2.00235942e+09
8 7 -4712740.68
9 7 471125.354
10 7 -936260.842
11 7 -3093054.92
12 7 -36420094.1
13 7 -3663.06953
14 7 4748.44466
15 7 -204.026665
16 7 1699.67232
17 7 2798.26788
18 7 38194.6327
19 7 -3539.07861
20 7 4672.65723
21 7 -271.830401
22 7 3187.51598
23 7 4687.71791
24 7 42970.4047
25 7 -2584.63645
26 7 3405.15915
27 7 -210.83559
28 7 2744.89897
29 7 4032.35531
30 7 34550.9977
31 7 -1919.96471
32 7 2287.55387
33 7 111.000752
34 7 2678.81729
35 7 1072.27537
36 7 27254.1623
37 7 -1745.88757
38 7 1873.37584
39 7 223.679831
40 7 4471.72201
41 7 1025.53652
42 7 24976.9534
1 8 4461.44432
2 8 -7704.66485
3 8 1576.73209
4 8 149539.322
5 8 -490.886708
6 8 -87216.9562
7 8 -4712740.68
8 8 2.00545974e+09
9 8 145084.051
10 8 4330181.14
11 8 -1098.27844
12 8 50003847
13 8 4708.30583
14 8 -7000.80857
15 8 -548.725828
16 8 -6173.25554
17 8 845.849586
18 8 -54218.1547
19 8 4401.92896
20 8 -6841.84788
21 8 -556.185873
22 8 -9228.8106
23 8 -107.300204
24 8 -60204.022
25 8 3238.15881
26 8 -5096.03168
27 8 -374.105448
28 8 -7795.73364
29 8 -315.876409
30 8 -49574.4652
31 8 2230.66343
32 8 -2977.47704
33 8 -346.787629
34 8 -4917.67648
35 8 403.98661
36 8 -34086.6585
37 8 1903.81202
38 8 -2333.70677
39 8 -397.180589
40 8 -6800.12898
41 8 94.1237951
42 8 -29379.9928
1 9 -132.3159
2 9 1654.70291
3 9 -5673.9182
4 9 -159127.195
5 9 42132.2917
6 9 22459.1968
7 9 471125.354
8 9 145084.051
9 9 2.00558421e+09
10 9 24884899.4
11 9 -33575460.6
12 9 932757.536
13 9 -359.260711
14 9 -276.598432
15 9 -4756.29609
16 9 -17336.6902
17 9 25788.1352
18 9 -486.914314
19 9 -311.774756
20 9 -583.665988
21 9 -4676.6098
22 9 -20112.4935
23 9 29410.8327
24 9 -2748.51779
25 9 -259.735436
26 9 -424.639402
27 9 -3520.61065
28 9 -16503.413
29 9 24896.2328
30 9 -2276.75489
31 9 -77.2441315
32 9 -166.41135
33 9 -1898.59557
34 9 -11675.4139
35 9 13827.2837
36 9 -594.955505
37 9 -185.968592
38 9 -121.777578
39 9 -1429.63484
40 9 -10124.0229
41 9 10667.3992
42 9 247.792465
1 10 -1897204.59
2 10 13914021.6
3 10 -12606149.8
4 10 -1.03587358e+09
5 10 82221315.4
6 10 246902568
7 10 -936260.842
8 10 4330181.14
9 10 24884899.4
10 10 3.89370346e+09
11 10 5.50849609e+09
12 10 -5.96868626e+09
13 10 1222.6737
14 10 -5180.5014
15 10 -16752.1548
16 10 -71504.0789
17 10 83969.0693
18 10 -34037.7709
19 10 1915.23513
20 10 -7212.09156
21 10 -17074.8979
22 10 -90396.0899
23 10 96234.2225
24 10 -55116.9567
25 10 1241.79382
26 10 -5221.50996
27 10 -12666.5352
28 10 -74090.6446
29 10 79856.3067
30 10 -44995.7335
31 10 721.93046
32 10 -2132.54969
33 10 -7641.52961
34 10 -55531.9338
35 10 48875.7363
36 10 -18607.1981
37 10 60.9304256
38 10 -1684.8733
39 10 -5906.47539
40 10 -51060.4797
41 10 38136.7289
42 10 -11690.8756
1 11 -7386674.4
2 11 -13114.9822
3 11 2349047.2
4 11 89048135.4
5 11 -325423607
6 11 280380557
7 11 -3093054.92
8 11 -1098.27844
9 11 -33575460.6
10 11 5.50849609e+09
11 11 3.37715768e+09
12 11 -400672902
13 11 3651.72709
14 11 -795.910938
15 11 24451.0939
16 11 82135.2022
17 11 -139248.611
18 11 -16152.6884
19 11 3913.19507
20 11 16.5173949
21 11 23309.3251
22 11 89000.6945
23 11 -157708.808
24 11 -15228.1772
25 11 3023.02283
26 11 182.414764
27 11 17797.6857
28 11 73907.2772
29 11 -136496.059
30 11 -11304.5756
31 11 1316.51382
32 11 -275.125936
33 11 8724.27917
34 11 47439.9572
35 11 -69704.4117
36 11 -10080.9408
37 11 1524.83164
38 11 -89.1016555
39 11 6177.62915
40 11 38824.8398
41 11 -53635.3011
42 11 -11224.3494
1 12 7785060.68
2 12 -3794245.93
3 12 1124114.18
4 12 193100490
5 12 296630555
6 12 -341944472
7 12 -36420094.1
8 12 50003847
9 12 932757.536
10 12 -5.96868626e+09
11 12 -400672902
12 12 1.7808149e+09
13 12 36177.8861
14 12 -51830.4955
15 12 -2390.43056
16 12 -39713.1291
17 12 -4244.50664
18 12 -406554.508
19 12 33977.6296
20 12 -50187.5906
21 12 -2182.37088
22 12 -60540.2842
23 12 -16485.7427
24 12 -449671.443
25 12 24975.444
26 12 -37374.5435
27 12 -1505.52187
28 12 -52671.1643
29 12 -15119.1
30 12 -370213.429
31 12 17656.5808
32 12 -22571.5395
33 12 -2056.28941
34 12 -33848.0949
35 12 -2419.46254
36 12 -262732.554
37 12 15399.9966
38 12 -17857.7178
39 12 -2854.83341
40 12 -49888.4532
41 12 -3925.36062
42 12 -231922.489
1 13 -2094.7967
2 13 2682.93915
3 13 -161.263187
4 13 658.997452
5 13 1707.04589
6 13 19607.2528
7 13 -3663.06953
8 13 4708.30583
9 13 -359.260711
10 13 1222.6737
11 13 3651.72709
12 13 36177.8861
13 13 2.0025444e+09
14 13 -4735481.79
15 13 390902.119
16 13 -935645.888
17 13 -3743619.71
18 13 -38028087.6
19 13 -3556.46715
20 13 4754.37491
21 13 -336.934334
22 13 2953.3441
23 13 5443.60259
24 13 43653.5142
25 13 -3451.42945
26 13 4407.37173
27 13 -262.519595
28 13 2704.6322
29 13 4971.5815
30 13 45054.3886
31 13 -2381.6734
32 13 2892.07574
33 13 22.1428747
34 13 1604.65602
35 13 1022.01444
36 13 33265.1704
37 13 -2019.30686
38 13 2242.8935
39 13 178.08509
40 13 3478.2424
41 13 759.842318
42 13 27982.0323
1 14 2885.29489
2 14 -4139.38601
3 14 -121.643018
4 14 -2472.6533
5 14 -570.506567
6 14 -29366.7525
7 14 4748.44466
8 14 -7000.80857
9 14 -276.598432
10 14 -5180.5014
11 14 -795.910938
12 14 -51830.4955
13 14 -4735481.79
14 14 2.00524597e+09
15 14 227143.442
16 14 5090980.84
17 14 -4.66284872
18 14 51136885.7
19 14 4478.64258
20 14 -7220.32084
21 14 -470.347906
22 14 -8964.64232
23 14 -979.41658
24 14 -63778.9291
25 14 4245.71455
26 14 -6487.44282
27 14 -322.232469
28 14 -7945.6443
29 14 -1194.91111
30 14 -64053.1985
31 14 2771.72674
32 14 -3839.66577
33 14 -195.640025
34 14 -3430.59784
35 14 206.749411
36 14 -42615.207
37 14 2232.73209
38 14 -2790.69408
39 14 -302.849963
40 14 -5340.70399
41 14 46.5415484
42 14 -33436.7229
1 15 -88.3024934
2 15 -306.180134
3 15 -2852.96959
4 15 -9526.81999
5 15 13831.9092
6 15 -1333.81402
7 15 -204.026665
8 15 -548.725828
9 15 -4756.29609
10 15 -16752.1548
11 15 24451.0939
12 15 -2390.43056
13 15 390902.119
14 15 227143.442
15 15 2.00517443e+09
16 15 25174660.7
17 15 -33522876
18 15 935650.551
19 15 -242.255026
20 15 -759.591994
21 15 -4986.92145
22 15 -21259.2443
23 15 32743.3813
24 15 -3918.69748
25 15 -173.98108
26 15 -617.863838
27 15 -4399.97633
28 15 -20981.3017
29 15 31592.805
30 15 -3774.56992
31 15 -116.83894
32 15 -100.404517
33 15 -2492.70055
34 15 -13942.2412
35 15 18490.2275
36 15 -242.452387
37 15 -234.669735
38 15 -66.4913451
39 15 -1702.76723
40 15 -11448.583
41 15 12523.4048
42 15 870.71724
1 16 832.917303
2 16 -2916.28203
3 16 -9876.40968
4 16 -37031.538
5 16 44897.4805
6 16 -18168.0426
7 16 1699.67232
8 16 -6173.25554
9 16 -17336.6902
10 16 -71504.0789
11 16 82135.2022
12 16 -39713.1291
13 16 -935645.888
14 16 5090980.84
15 16 25174660.7
16 16 2.10570593e+09
17 16 -118179367
18 16 32853102.3
19 16 2191.52705
20 16 -8132.56122
21 16 -18735.9426
22 16 -99182.64
23 16 109562.221
24 16 -60139.3088
25 16 1728.83534
26 16 -6411.90856
27 16 -16648.6613
28 16 -97849.0083
29 16 106243.685
30 16 -54134.4629
31 16 176.243079
32 16 -1492.53251
33 16 -9843.87448
34 16 -64422.9579
35 16 65362.8008
36 16 -12702.9436
37 16 -604.343359
38 16 -966.076172
39 16 -7177.46911
40 16 -56720.4106
41 16 45712.1682
42 16 -3054.8785
1 17 1209.89424
2 17 797.60955
3 17 15569.6199
4 17 49443.7129
5 17 -78092.2091
6 17 296.286626
7 17 2798.26788
8 17 845.849586
9 17 25788.1352
10 17 83969.0693
11 17 -139248.611
12 17 -4244.50664
13 17 -3743619.71
14 17 -4.66284872
15 17 -33522876
16 17 -118179367
17 17 2.18129025e+09
18 17 13089693.6
19 17 3807.37504
20 17 792.944721
21 17 27091.8879
22 17 101770.123
23 17 -192338.78
24 17 -8694.87244
25 17 2979.01709
26 17 905.006475
27 17 23676.9426
28 17 99838.7686
29 17 -185229.928
30 17 -5165.21231
31 17 1128.0342
32 17 -116.54277
33 17 12198.6653
34 17 60913.2131
35 17 -98451.3514
36 17 -6664.93799
37 17 1399.43815
38 17 -12.3022664
39 17 7727.66821
40 17 45627.5489
41 17 -64539.4346
42 17 -8216.75189
1 18 22729.973
2 18 -31649.8766
3 18 -277.50347
4 18 -16702.0103
5 18 -8303.16166
6 18 -226621.15
7 18 38194.6327
8 18 -54218.1547
9 18 -486.914314
10 18 -34037.7709
11 18 -16152.6884
12 18 -406554.508
13 18 -38028087.6
14 18 51136885.7
15 18 935650.551
16 18 32853102.3
17 18 13089693.6
18 18 2.39918198e+09
19 18 36045.2674
20 18 -55432.4046
21 18 -1320.53266
22 18 -58002.8068
23 18 -23722.0717
24 18 -497800.15
25 18 34428.5992
26 18 -50370.6385
27 18 -871.249677
28 18 -53444.6509
29 18 -23326.3253
30 18 -504786.375
31 18 22465.4859
32 18 -29819.2605
33 18 -1117.56799
34 18 -23826.096
35 18 -2710.98771
36 18 -336909.538
37 18 18199.8587
38 18 -21795.058
39 18 -2179.12323
40 18 -39444.6413
41 18 -2645.31131
42 18 -266718.782
1 19 -1577.3475
2 19 2004.11806
3 19 -89.4913692
4 19 663.886874
5 19 1232.64248
6 19 14632.8716
7 19 -3539.07861
8 19 4401.92896
9 19 -311.774756
10 19 1915.23513
11 19 3913.19507
12 19 33977.6296
13 19 -3556.46715
14 19 4478.64258
15 19 -242.255026
16 19 2191.52705
17 19 3807.37504
18 19 36045.2674
19 19 2.00274143e+09
20 19 -4863931.47
21 19 404736.2
22 19 -580368.429
23 19 -4251953.19
24 19 -46362761
25 19 -9016.31886
26 19 8553.66851
27 19 -789.764646
28 19 -3700.59118
29 19 4289.93246
30 19 113592.437
31 19 -8049.15203
32 19 7117.87121
33 19 -665.78908
34 19 -8035.35977
35 19 171.784309
36 19 116836.799
37 19 -6419.4844
38 19 4832.6901
39 19 -473.372702
40 19 -5547.75021
41 19 788.453664
42 19 101999.192
1 20 2298.71896
2 20 -3340.68303
3 20 -182.460036
4 20 -2324.33497
5 20 -142.192135
6 20 -23509.3948
7 20 4672.65723
8 20 -6841.84788
9 20 -583.665988
10 20 -7212.09156
11 20 16.5173949
12 20 -50187.5906
13 20 4754.37491
14 20 -7220.32084
15 20 -759.591994
16 20 -8132.56122
17 20 792.944721
18 20 -55432.4046
19 20 -4863931.47
20 20 2.00572637e+09
21 20 245805.957
22 20 5471811.69
23 20 39.295672
24 20 63417639.9
25 20 8992.89916
26 20 -11072.9998
27 20 -38.1916564
28 20 -4348.3279
29 20 -26.5644746
30 20 -126676.143
31 20 7646.18596
32 20 -8714.72665
33 20 -10.696233
34 20 -197.524755
35 20 2364.3466
36 20 -121394.04
37 20 5664.37464
38 20 -5860.72465
39 20 -221.14015
40 20 -4329.03277
41 20 1399.16527
42 20 -97901.5004
1 21 -120.941966
2 21 -177.11468
3 21 -2361.69937
4 21 -7758.72465
5 21 11420.4379
6 21 -563.682075
7 21 -271.830401
8 21 -556.185873
9 21 -4676.6098
10 21 -17074.8979
11 21 23309.3251
12 21 -2182.37088
13 21 -336.934334
14 21 -470.347906
15 21 -4986.92145
16 21 -18735.9426
17 21 27091.8879
18 21 -1320.53266
19 21 404736.2
20 21 245805.957
21 21 2.00556756e+09
22 21 31208846.1
23 21 -42354535.1
24 21 580329.133
25 21 -708.285671
26 21 -160.125
27 21 -7065.91498
28 21 -37411.6824
29 21 47540.2348
30 21 2419.15076
31 21 -905.45219
32 21 284.698207
33 21 -5478.80993
34 21 -35366.6788
35 21 40895.4402
36 21 9347.87183
37 21 -1158.21824
38 21 76.0212967
39 21 -3648.08608
40 21 -27106.5107
41 21 28952.819
42 21 12247.1355
1 22 809.506465
2 22 -2673.52978
3 22 -8952.78781
4 22 -33756.047
5 22 40053.88
6 22 -16747.2554
7 22 3187.51598
8 22 -9228.8106
9 22 -20112.4935
10 22 -90396.0899
11 22 89000.6945
12 22 -60540.2842
13 22 2953.3441
14 22 -8964.64232
15 22 -21259.2443
16 22 -99182.64
17 22 101770.123
18 22 -58002.8068
19 22 -580368.429
20 22 5471811.69
21 22 31208846.1
22 22 2.16136065e+09
23 22 -168910836
24 22 39971067.4
25 22 -2441.82713
26 22 -4733.5468
27 22 -33535.3292
28 22 -223461.102
29 22 193801.271
30 22 -12167.2208
31 22 -5463.90932
32 22 -68.5371505
33 22 -27546.2808
34 22 -220560.343
35 22 173532.547
36 22 55343.481
37 22 -7237.57968
38 22 -735.713222
39 22 -18763.1185
40 22 -181439.716
41 22 120242.579
42 22 86920.5222
1 23 1596.33308
2 23 249.447197
3 23 15418.1752
4 23 47895.0441
5 23 -77435.7502
6 23 -3665.8346
7 23 4687.71791
8 23 -107.300204
9 23 29410.8327
10 23 96234.2225
11 23 -157708.808
12 23 -16485.7427
13 23 5443.60259
14 23 -979.41658
15 23 32743.3813
16 23 109562.221
17 23 -192338.78
18 23 -23722.0717
19 23 -4251953.19
20 23 39.295672
21 23 -42354535.1
22 23 -168910836
23 23 2.27777117e+09
24 23 16780719.7
25 23 4236.95297
26 23 81.7680261
27 23 43420.8487
28 23 200324.396
29 23 -329293.421
30 23 -16857.2944
31 23 4483.59692
32 23 -2047.45029
33 23 32348.0368
34 23 180660.348
35 23 -274625.215
36 23 -46118.5383
37 23 6241.68981
38 23 -1406.24802
39 23 21126.4181
40 23 134508.376
41 23 -191952.517
42 23 -60063.3419
1 24 20712.1911
2 24 -29216.0188
3 24 -1011.40168
4 24 -18588.9344
5 24 -4932.14267
6 24 -207666.908
7 24 42970.4047
8 24 -60204.022
9 24 -2748.51779
10 24 -55116.9567
11 24 -15228.1772
12 24 -449671.443
13 24 43653.5142
14 24 -63778.9291
15 24 -3918.69748
16 24 -60139.3088
17 24 -8694.87244
18 24 -497800.15
19 24 -46362761
20 24 63417639.9
21 24 580329.133
22 24 39971067.4
23 24 16780719.7
24 24 2.58410795e+09
25 24 105512.678
26 24 -111987.245
27 24 3610.64696
28 24 1899.26997
29 24 -14583.8711
30 24 -1436605.1
31 24 93410.2894
32 24 -90258.6022
33 24 4998.7723
34 24 71126.5494
35 24 18671.9336
36 24 -1440794.22
37 24 75545.9583
38 24 -62168.4958
39 24 3534.10702
40 24 44872.1462
41 24 10690.5965
42 24 -1252741.48
1 25 -1324.93672
2 25 1604.42302
3 25 -16.0183797
4 25 829.541497
5 25 847.707913
6 25 11954.8528
7 25 -2584.63645
8 25 3238.15881
9 25 -259.735436
10 25 1241.79382
11 25 3023.02283
12 25 24975.444
13 25 -3451.42945
14 25 4245.71455
15 25 -173.98108
16 25 1728.83534
17 25 2979.01709
18 25 34428.5992
19 25 -9016.31886
20 25 8992.89916
21 25 -708.285671
22 25 -2441.82713
23 25 4236.95297
24 25 105512.678
25 25 2.00414086e+09
26 25 -5731958.46
27 25 104850.94
28 25 205973.495
29 25 -1525135.26
30 25 -61086415.8
31 25 -13633.3822
32 25 12472.9205
33 25 -695.843994
34 25 -17286.6013
35 25 -7167.65975
36 25 196989.929
37 25 -18717.7009
38 25 12669.3134
39 25 -2316.71639
40 25 -44619.8418
41 25 -10167.4007
42 25 296895.461
1 26 1774.35322
2 26 -2470.78612
3 26 -192.47784
4 26 -2006.67395
5 26 -16.6514336
6 26 -17637.3407
7 26 3405.15915
8 26 -5096.03168
9 26 -424.639402
10 26 -5221.50996
11 26 182.414764
12 26 -37374.5435
13 26 4407.37173
14 26 -6487.44282
15 26 -617.863838
16 26 -6411.90856
17 26 905.006475
18 26 -50370.6385
19 26 8553.66851
20 26 -11072.9998
21 26 -160.125
22 26 -4733.5468
23 26 81.7680261
24 26 -111987.245
25 26 -5731958.46
26 26 2.00654609e+09
27 26 -118808.743
28 26 1738629.61
29 26 80.9397138
30 26 75052794.9
31 26 12614.1757
32 26 -14793.2227
33 26 577.671813
34 26 13274.2462
35 26 4669.19094
36 26 -198778.39
37 26 14429.8203
38 26 -13018.4096
39 26 1406.66264
40 26 26114.9226
41 26 5601.31541
42 26 -244219.409
1 27 -46.6686634
2 27 -169.096268
3 27 -1698.30583
4 27 -5701.58893
5 27 8046.80069
6 27 -698.204215
7 27 -210.83559
8 27 -374.105448
9 27 -3520.61065
10 27 -12666.5352
11 27 17797.6857
12 27 -1505.52187
13 27 -262.519595
14 27 -322.232469
15 27 -4399.97633
16 27 -16648.6613
17 27 23676.9426
18 27 -871.249677
19 27 -789.764646
20 27 -38.1916564
21 27 -7065.91498
22 27 -33535.3292
23 27 43420.8487
24 27 3610.64696
25 27 104850.94
26 27 -118808.743
27 27 2.00642177e+09
28 27 40303381
29 27 -47004338
30 27 -206054.435
31 27 -1212.30567
32 27 1412.39627
33 27 -9369.26181
34 27 -62668.2033
35 27 66741.4341
36 27 21348.1778
37 27 -3462.28468
38 27 2090.36633
39 27 -8012.76212
40 27 -69826.3216
41 27 56555.4118
42 27 55702.3054
1 28 1138.14046
2 28 -2599.29834
3 28 -7323.1113
4 28 -28404.1004
5 28 31765.9301
6 28 -16790.718
7 28 2744.89897
8 28 -7795.73364
9 28 -16503.413
10 28 -74090.6446
11 28 73907.2772
12 28 -52671.1643
13 28 2704.6322
14 28 -7945.6443
15 28 -20981.3017
16 28 -97849.0083
17 28 99838.7686
18 28 -53444.6509
19 28 -3700.59118
20 28 -4348.3279
21 28 -37411.6824
22 28 -223461.102
23 28 200324.396
24 28 1899.26997
25 28 205973.495
26 28 1738629.61
27 28 40303381
28 28 2.24268417e+09
29 28 -217816902
30 28 17710138.1
31 28 -14296.8844
32 28 13406.9996
33 28 -54024.9066
34 28 -438480.821
35 28 336498.524
36 28 239557.49
37 28 -38883.1727
38 28 22384.8772
39 28 -53004.0507
40 28 -568260.252
41 28 294039.381
42 28 638935.458
1 29 1349.71466
2 29 53.2848195
3 29 11869.6672
4 29 37130.5185
5 29 -58892.5736
6 29 -4082.48747
7 29 4032.35531
8 29 -315.876409
9 29 24896.2328
10 29 79856.3067
11 29 -136496.059
12 29 -15119.1
13 29 4971.5815
14 29 -1194.91111
15 29 31592.805
16 29 106243.685
17 29 -185229.928
18 29 -23326.3253
19 29 4289.93246
20 29 -26.5644746
21 29 47540.2348
22 29 193801.271
23 29 -329293.421
24 29 -14583.8711
25 29 -1525135.26
26 29 80.9397138
27 29 -47004338
28 29 -217816902
29 29 2.33191688e+09
30 29 8721244.23
31 29 785.985332
32 29 -4031.3235
33 29 57508.0905
34 29 339673.282
35 29 -500393.58
36 29 -41198.2255
37 29 6196.68872
38 29 -5015.98165
39 29 46672.59
40 29 342557.123
41 29 -428715.428
42 29 -105788.741
1 30 18083.5571
2 30 -24316.6249
3 30 -1351.41301
4 30 -18075.6355
5 30 -3456.08263
6 30 -175661.191
7 30 34550.9977
8 30 -49574.4652
9 30 -2276.75489
10 30 -44995.7335
11 30 -11304.5756
12 30 -370213.429
13 30 45054.3886
14 30 -64053.1985
15 30 -3774.56992
16 30 -54134.4629
17 30 -5165.21231
18 30 -504786.375
19 30 113592.437
20 30 -126676.143
21 30 2419.15076
22 30 -12167.2208
23 30 -16857.2944
24 30 -1436605.1
25 30 -61086415.8
26 30 75052794.9
27 30 -206054.435
28 30 17710138.1
29 30 8721244.23
30 30 2.79431238e+09
31 30 169268.919
32 30 -168535.926
33 30 10936.5119
34 30 242481.834
35 30 77096.1033
36 30 -2643805.68
37 30 237210.806
38 30 -171735.098
39 30 32036.9248
40 30 589266.746
41 30 110424.931
42 30 -3909742.72
1 31 -751.157846
2 31 882.674899
3 31 -8.85469923
4 31 294.21239
5 31 337.747676
6 31 6606.52838
7 31 -1919.96471
8 31 2230.66343
9 31 -77.2441315
10 31 721.93046
11 31 1316.51382
12 31 17656.5808
13 31 -2381.6734
14 31 2771.72674
15 31 -116.83894
16 31 176.243079
17 31 1128.0342
18 31 22465.4859
19 31 -8049.15203
20 31 7646.18596
21 31 -905.45219
22 31 -5463.90932
23 31 4483.59692
24 31 93410.2894
25 31 -13633.3822
26 31 12614.1757
27 31 -1212.30567
28 31 -14296.8844
29 31 785.985332
30 31 169268.919
31 31 2.00798577e+09
32 31 -8271582.39
33 31 -408740.433
34 31 -1034505.25
35 31 -513794.341
36 31 -100415284
37 31 -31610.0011
38 31 27928.2788
39 31 73.3963075
40 31 -94414.4351
41 31 -84496.492
42 31 540243.799
1 32 970.472231
2 32 -1240.33871
3 32 -37.7953849
4 32 -590.194485
5 32 -174.235065
6 32 -9001.64055
7 32 2287.55387
8 32 -2977.47704
9 32 -166.41135
10 32 -2132.54969
11 32 -275.125936
12 32 -22571.5395
13 32 2892.07574
14 32 -3839.66577
15 32 -100.404517
16 32 -1492.53251
17 32 -116.54277
18 32 -29819.2605
19 32 7117.87121
20 32 -8714.72665
21 32 284.698207
22 32 -68.5371505
23 32 -2047.45029
24 32 -90258.6022
25 32 12472.9205
26 32 -14793.2227
27 32 1412.39627
28 32 13406.9996
29 32 -4031.3235
30 32 -168535.926
31 32 -8271582.39
32 32 2.01056748e+09
33 32 108881.421
34 32 2559891.25
35 32 1026.81345
36 32 115269068
37 32 28536.2901
38 32 -38123.7644
39 32 96.6346669
40 32 218575.043
41 32 40902.976
42 32 -557426.145
1 33 33.3959185
2 33 -106.996904
3 33 -808.101615
4 33 -2914.66397
5 33 3597.86706
6 33 -610.979435
7 33 111.000752
8 33 -346.787629
9 33 -1898.59557
10 33 -7641.52961
11 33 8724.27917
12 33 -2056.28941
13 33 22.1428747
14 33 -195.640025
15 33 -2492.70055
16 33 -9843.87448
17 33 12198.6653
18 33 -1117.56799
19 33 -665.78908
20 33 -10.696233
21 33 -5478.80993
22 33 -27546.2808
23 33 32348.0368
24 33 4998.7723
25 33 -695.843994
26 33 577.671813
27 33 -9369.26181
28 33 -54024.9066
29 33 57508.0905
30 33 10936.5119
31 33 -408740.433
32 33 108881.421
33 33 2.0104976e+09
34 33 76880003.1
35 33 -69324477.9
36 33 1033478.43
37 33 -3461.03814
38 33 2630.15246
39 33 -29532.1258
40 33 -523749.551
41 33 164024.471
42 33 93935.235
1 34 701.139644
2 34 -1240.48051
3 34 -4405.1081
4 34 -17654.7361
5 34 18218.6058
6 34 -8311.50095
7 34 2678.81729
8 34 -4917.67648
9 34 -11675.4139
10 34 -55531.9338
11 34 47439.9572
12 34 -33848.0949
13 34 1604.65602
14 34 -3430.59784
15 34 -13942.2412
16 34 -64422.9579
17 34 60913.2131
18 34 -23826.096
19 34 -8035.35977
20 34 -197.524755
21 34 -35366.6788
22 34 -220560.343
23 34 180660.348
24 34 71126.5494
25 34 -17286.6013
26 34 13274.2462
27 34 -62668.2033
28 34 -438480.821
29 34 339673.282
30 34 242481.834
31 34 -1034505.25
32 34 2559891.25
33 34 76880003.1
34 34 2.6913186e+09
35 34 -389803543
36 34 -16097775.4
37 34 -94710.6454
38 34 205105.015
39 34 -406620.621
40 34 -16418990.2
41 34 325686.621
42 34 4463613.01
1 35 219.32241
2 35 306.948202
3 35 6145.94245
4 35 20753.0733
5 35 -28646.378
6 35 537.157985
7 35 1072.27537
8 35 403.98661
9 35 13827.2837
10 35 48875.7363
11 35 -69704.4117
12 35 -2419.46254
13 35 1022.01444
14 35 206.749411
15 35 18490.2275
16 35 65362.8008
17 35 -98451.3514
18 35 -2710.98771
19 35 171.784309
20 35 2364.3466
21 35 40895.4402
22 35 173532.547
23 35 -274625.215
24 35 18671.9336
25 35 -7167.65975
26 35 4669.19094
27 35 66741.4341
28 35 336498.524
29 35 -500393.58
30 35 77096.1033
31 35 -513794.341
32 35 1026.81345
33 35 -69324477.9
34 35 -389803543
35 35 2.59771022e+09
36 35 -6960456.57
37 35 -31535.6024
38 35 -29830.0873
39 35 184248.424
40 35 3380663.28
41 35 -3509440.06
42 35 1347713.99
1 36 11405.1946
2 36 -14210.6486
3 36 -211.215936
4 36 -5942.51773
5 36 -3264.36185
6 36 -104148.791
7 36 27254.1623
8 36 -34086.6585
9 36 -594.955505
10 36 -18607.1981
11 36 -10080.9408
12 36 -262732.554
13 36 33265.1704
14 36 -42615.207
15 36 -242.452387
16 36 -12702.9436
17 36 -6664.93799
18 36 -336909.538
19 36 116836.799
20 36 -121394.04
21 36 9347.87183
22 36 55343.481
23 36 -46118.5383
24 36 -1440794.22
25 36 196989.929
26 36 -198778.39
27 36 21348.1778
28 36 239557.49
29 36 -41198.2255
30 36 -2643805.68
31 36 -100415284
32 36 115269068
33 36 1033478.43
34 36 -16097775.4
35 36 -6960456.57
36 36 3.44574814e+09
37 36 513957.426
38 36 -533174.502
39 36 81494.828
40 36 7156292.5
41 36 3349058.57
42 36 -11785176.9
1 37 -347.359973
2 37 382.355522
3 37 -24.3738102
4 37 64.5445316
5 37 257.488855
6 37 2950.60596
7 37 -1745.88757
8 37 1903.81202
9 37 -185.968592
10 37 60.9304256
11 37 1524.83164
12 37 15399.9966
13 37 -2019.30686
14 37 2232.73209
15 37 -234.669735
16 37 -604.343359
17 37 1399.43815
18 37 18199.8587
19 37 -6419.4844
20 37 5664.37464
21 37 -1158.21824
22 37 -7237.57968
23 37 6241.68981
24 37 75545.9583
25 37 -18717.7009
26 37 14429.8203
27 37 -3462.28468
28 37 -38883.1727
29 37 6196.68872
30 37 237210.806
31 37 -31610.0011
32 37 28536.2901
33 37 -3461.03814
34 37 -94710.6454
35 37 -31535.6024
36 37 513957.426
37 37 2.00716958e+09
38 37 -6722668.53
39 37 -31608.4419
40 37 -527575.899
41 37 -4151247.31
42 37 -94347609.2
1 38 404.526658
2 38 -496.644053
3 38 -29.3982069
4 38 -327.669161
5 38 -33.1719571
6 38 -3671.73086
7 38 1873.37584
8 38 -2333.70677
9 38 -121.777578
10 38 -1684.8733
11 38 -89.1016555
12 38 -17857.7178
13 38 2242.8935
14 38 -2790.69408
15 38 -66.4913451
16 38 -966.076172
17 38 -12.3022664
18 38 -21795.058
19 38 4832.6901
20 38 -5860.72465
21 38 76.0212967
22 38 -735.713222
23 38 -1406.24802
24 38 -62168.4958
25 38 12669.3134
26 38 -13018.4096
27 38 2090.36633
28 38 22384.8772
29 38 -5015.98165
30 38 -171735.098
31 38 27928.2788
32 38 -38123.7644
33 38 2630.15246
34 38 205105.015
35 38 -29830.0873
36 38 -533174.502
37 38 -6722668.53
38 38 2.00877818e+09
39 38 423395.074
40 38 8206869.73
41 38 -2032.30722
42 38 99671608.6
1 39 47.0274902
2 39 -81.8184521
3 39 -310.140852
4 39 -1205.42544
5 39 1325.92945
6 39 -540.497257
7 39 223.679831
8 39 -397.180589
9 39 -1429.63484
10 39 -5906.47539
11 39 6177.62915
12 39 -2854.83341
13 39 178.08509
14 39 -302.849963
15 39 -1702.76723
16 39 -7177.46911
17 39 7727.66821
18 39 -2179.12323
19 39 -473.372702
20 39 -221.14015
21 39 -3648.08608
22 39 -18763.1185
23 39 21126.4181
24 39 3534.10702
25 39 -2316.71639
26 39 1406.66264
27 39 -8012.76212
28 39 -53004.0507
29 39 46672.59
30 39 32036.9248
31 39 73.3963075
32 39 96.6346669
33 39 -29532.1258
34 39 -406620.621
35 39 184248.424
36 39 81494.828
37 39 -31608.4419
38 39 423395.074
39 39 2.00902476e+09
40 39 75236561.6
41 39 -58689716
42 39 529608.207
1 40 877.561048
2 40 -1255.66502
3 40 -2081.62618
4 40 -9472.83268
5 40 7865.14759
6 40 -8959.18663
7 40 4471.72201
8 40 -6800.12898
9 40 -10124.0229
10 40 -51060.4797
11 40 38824.8398
12 40 -49888.4532
13 40 3478.2424
14 40 -5340.70399
15 40 -11448.583
16 40 -56720.4106
17 40 45627.5489
18 40 -39444.6413
19 40 -5547.75021
20 40 -4329.03277
21 40 -27106.5107
22 40 -181439.716
23 40 134508.376
24 40 44872.1462
25 40 -44619.8418
26 40 26114.9226
27 40 -69826.3216
28 40 -568260.252
29 40 342557.123
30 40 589266.746
31 40 -94414.4351
32 40 218575.043
33 40 -523749.551
34 40 -16418990.2
35 40 3380663.28
36 40 7156292.5
37 40 -527575.899
38 40 8206869.73
39 40 75236561.6
40 40 2.91108272e+09
41 40 -361259114
42 40 6499533.73
1 41 170.262386
2 41 59.8376184
3 41 2462.94493
4 41 8447.86819
5 41 -11553.957
6 41 -447.307936
7 41 1025.53652
8 41 94.1237951
9 41 10667.3992
10 41 38136.7289
11 41 -53635.3011
12 41 -3925.36062
13 41 759.842318
14 41 46.5415484
15 41 12523.4048
16 41 45712.1682
17 41 -64539.4346
18 41 -2645.31131
19 41 788.453664
20 41 1399.16527
21 41 28952.819
22 41 120242.579
23 41 -191952.517
24 41 10690.5965
25 41 -10167.4007
26 41 5601.31541
27 41 56555.4118
28 41 294039.381
29 41 -428715.428
30 41 110424.931
31 41 -84496.492
32 41 40902.976
33 41 164024.471
34 41 325686.621
35 41 -3509440.06
36 41 3349058.57
37 41 -4151247.31
38 41 -2032.30722
39 41 -58689716
40 41 -361259114
41 41 2.61864578e+09
42 41 -23445393.7
1 42 5339.20912
2 42 -6302.57312
3 42 -28.5487567
4 42 -2642.20503
5 42 -2006.87377
6 42 -47320.0683
7 42 24976.9534
8 42 -29379.9928
9 42 247.792465
10 42 -11690.8756
11 42 -11224.3494
12 42 -231922.489
13 42 27982.0323
14 42 -33436.7229
15 42 870.71724
16 42 -3054.8785
17 42 -8216.75189
18 42 -266718.782
19 42 101999.192
20 42 -97901.5004
21 42 12247.1355
22 42 86920.5222
23 42 -60063.3419
24 42 -1252741.48
25 42 296895.461
26 42 -244219.409
27 42 55702.3054
28 42 638935.458
29 42 -105788.741
30 42 -3909742.72
31 42 540243.799
32 42 -557426.145
33 42 93935.235
34 42 4463613.01
35 42 1347713.99
36 42 -11785176.9
37 42 -94347609.2
38 42 99671608.6
39 42 529608.207
40 42 6499533.73
41 42 -23445393.7
42 42 3.46232336e+09
