max_lat:30.730172829483468
max_lon:104.12703381336758
min_lat:30.65541009760488
min_lon:104.03969948534711