threshold: 4
etas: [0.01]        # initial learning rate
lams: [0.000001, 0.00001, 0.0001, 0.001, 0.01, 0.1, 1]    # λ ∈ [10^-6, 1]
dims: [5, 10, 15, 20, 25, 30, 35, 40, 45, 50]          # d ∈ {5, 10, ..., 50}
batch_size: 10
max_iters: 100